K线分析报告 - SH605296 - 2026-04-11 20:25:49
==================================================
评分: 43/100 | 趋势: 震荡偏弱 ↘
MACD: 
RSI: RSI=62.9 正常区域
KDJ: K=30.4 D=45.0 J=1.3 | J值超卖 ★
布林带: 上轨=34.456 中轨=32.999 下轨=31.542 | 处于带中部(55%) 正常 | 带宽=8.8%
形态: 连续阳线强势 / 放量异动 ⚠
压力: 34.55 / 34.4  支撑: 31.75 / 32.03
操作建议: ★ 强烈买入
==================================================
日期                        开        收        高        低            量
2026-04-10 15:00:00    28.39    28.42    28.45    28.33      516,400
2026-04-10 14:00:00    28.93    28.37    28.96    28.35      547,900
2026-04-10 11:30:00    28.87    28.91    29.12    28.80      547,700
2026-04-10 10:30:00    28.49    28.88    29.11    28.07    1,447,080
2026-04-09 15:00:00    28.35    28.38    28.46    28.30      501,900
2026-04-09 14:00:00    28.45    28.36    28.64    28.30      413,100
2026-04-09 11:30:00    28.50    28.45    28.53    28.28      500,600
2026-04-09 10:30:00    28.76    28.50    29.07    28.48    1,343,800
2026-04-08 15:00:00    28.80    28.90    28.90    28.70      623,640
2026-04-08 14:00:00    28.71    28.80    28.86    28.63      320,700
2026-04-08 11:30:00    28.73    28.72    28.81    28.63      327,300
2026-04-08 10:30:00    28.31    28.73    29.03    28.18    1,832,650
2026-04-07 15:00:00    28.66    28.59    28.75    28.51      617,100
2026-04-07 14:00:00    28.93    28.65    29.07    28.45      598,500
2026-04-07 11:30:00    28.04    28.98    29.45    28.04    2,532,720
2026-04-07 10:30:00    27.11    28.04    28.19    26.69    2,138,940
2026-04-03 15:00:00    27.44    27.28    27.46    27.25      716,240
2026-04-03 14:00:00    27.27    27.45    27.48    27.23      471,800
2026-04-03 11:30:00    27.47    27.26    27.52    27.21      798,400
2026-04-03 10:30:00    28.30    27.49    28.30    27.34    1,900,000
2026-04-02 15:00:00    28.63    28.58    28.72    28.44      805,220
2026-04-02 14:00:00    28.65    28.63    29.01    28.54      610,300
2026-04-02 11:30:00    28.52    28.65    29.32    28.52    1,512,000
2026-04-02 10:30:00    27.25    28.52    29.07    27.21    3,693,110
2026-04-01 15:00:00    27.19    27.25    27.33    27.19      360,820
2026-04-01 14:00:00    27.22    27.19    27.37    27.17      212,700
2026-04-01 11:30:00    27.28    27.23    27.39    27.18      410,900
2026-04-01 10:30:00    27.53    27.25    27.54    26.95      939,376
2026-03-31 15:00:00    27.51    27.33    27.52    27.27      733,050
2026-03-31 14:00:00    27.46    27.53    27.58    27.37      313,330
2026-03-31 11:30:00    27.68    27.45    27.70    27.23    1,255,930
2026-03-31 10:30:00    28.55    27.67    28.87    27.35    2,290,656
2026-03-30 15:00:00    28.64    28.58    28.65    28.50      430,900
2026-03-30 14:00:00    28.88    28.64    28.88    28.55      302,400
2026-03-30 11:30:00    28.66    28.88    28.89    28.55      244,600
2026-03-30 10:30:00    28.21    28.68    28.99    28.12    1,895,400
2026-03-27 15:00:00    28.20    28.41    28.55    28.07    1,138,290
2026-03-27 14:00:00    27.93    28.20    28.22    27.92    1,020,200
2026-03-27 11:30:00    28.99    27.92    28.99    27.85    2,146,800
2026-03-27 10:30:00    28.60    29.00    29.60    28.52    1,372,590
2026-03-26 15:00:00    29.04    28.93    29.10    28.71      867,900
2026-03-26 14:00:00    29.18    29.04    29.39    28.83      561,100
2026-03-26 11:30:00    29.26    29.14    29.29    29.09      241,500
2026-03-26 10:30:00    29.42    29.28    29.65    29.16      696,000
2026-03-25 15:00:00    29.30    29.43    29.46    29.15      527,000
2026-03-25 14:00:00    29.31    29.31    29.44    29.25      355,100
2026-03-25 11:30:00    29.37    29.31    29.53    29.29      266,600
2026-03-25 10:30:00    29.17    29.39    29.72    29.01    1,017,800
2026-03-24 15:00:00    29.06    29.46    29.50    29.06      603,130
2026-03-24 14:00:00    29.12    29.06    29.25    28.98      437,800
2026-03-24 11:30:00    29.08    29.15    29.47    29.03      491,900
2026-03-24 10:30:00    30.10    29.13    30.12    28.70    1,730,800
2026-03-23 15:00:00    29.62    29.51    29.80    29.30      716,500
2026-03-23 14:00:00    29.73    29.63    30.04    29.45      516,500
2026-03-23 11:30:00    30.26    29.73    30.33    29.60      767,630
2026-03-23 10:30:00    30.28    30.26    30.73    29.70    2,061,900
2026-03-20 15:00:00    30.61    30.56    31.00    30.54      877,610
2026-03-20 14:00:00    31.18    30.61    31.26    30.57      631,000
2026-03-20 11:30:00    30.70    31.23    31.33    30.42    1,124,200
2026-03-20 10:30:00    30.75    30.71    31.08    30.38    2,014,700
2026-03-19 15:00:00    29.81    31.50    31.80    29.72    4,362,610
2026-03-19 14:00:00    29.95    29.82    29.95    29.65      499,930
2026-03-19 11:30:00    30.19    29.94    30.20    29.86      416,030
2026-03-19 10:30:00    30.20    30.20    30.53    29.85      938,600
2026-03-18 15:00:00    29.99    30.13    30.23    29.96      553,230
2026-03-18 14:00:00    30.14    29.99    30.14    29.82      633,460
2026-03-18 11:30:00    29.99    30.11    30.32    29.92      527,900
2026-03-18 10:30:00    30.20    29.99    30.34    29.93    1,209,710
2026-03-17 15:00:00    30.50    30.30    30.57    30.30      740,460
2026-03-17 14:00:00    30.37    30.51    30.68    30.32      533,630
2026-03-17 11:30:00    30.76    30.37    30.82    30.30      427,100
2026-03-17 10:30:00    30.00    30.77    30.98    29.95    2,184,100
2026-03-16 15:00:00    30.22    30.20    30.27    30.04      667,770
2026-03-16 14:00:00    30.67    30.22    30.70    30.21      600,800
2026-03-16 11:30:00    30.54    30.67    30.70    30.42      381,930
2026-03-16 10:30:00    30.30    30.55    31.15    30.30    2,146,950
2026-03-13 15:00:00    30.30    30.22    30.36    30.10      592,820
2026-03-13 14:00:00    30.58    30.29    30.64    30.20      517,500
2026-03-13 11:30:00    30.44    30.57    30.80    30.28      833,750
2026-03-13 10:30:00    30.45    30.42    30.81    30.16    1,584,640
2026-03-12 15:00:00    30.32    30.45    30.49    30.25    1,535,410
2026-03-12 14:00:00    30.03    30.32    30.48    29.97    1,133,500
2026-03-12 11:30:00    29.85    30.00    30.40    29.85    1,698,950
2026-03-12 10:30:00    29.75    29.87    30.00    29.27    1,731,959
2026-03-11 15:00:00    29.63    29.54    29.70    29.54      612,590
2026-03-11 14:00:00    28.85    29.62    30.10    28.84    2,064,640
2026-03-11 11:30:00    28.83    28.84    28.95    28.81      220,100
2026-03-11 10:30:00    29.00    28.84    29.18    28.81      595,190
2026-03-10 15:00:00    29.15    29.06    29.18    29.02      317,000
2026-03-10 14:00:00    29.34    29.15    29.35    29.08      358,400
2026-03-10 11:30:00    28.89    29.32    29.39    28.89      847,900
2026-03-10 10:30:00    28.83    28.92    29.22    28.60    1,071,220
2026-03-09 15:00:00    28.97    28.89    29.05    28.86      560,300
2026-03-09 14:00:00    29.07    29.00    29.13    28.93      291,000
2026-03-09 11:30:00    29.33    29.07    29.38    28.93      647,600
2026-03-09 10:30:00    28.90    29.32    29.55    28.90    2,101,200
2026-03-06 15:00:00    29.09    29.12    29.12    29.05      733,895
2026-03-06 14:00:00    29.19    29.09    29.29    28.89      908,500
2026-03-06 11:30:00    28.60    29.18    29.27    28.55    1,712,090
2026-03-06 10:30:00    27.99    28.59    28.62    27.80    1,103,700
2026-03-05 15:00:00    28.04    27.94    28.04    27.83      762,740
2026-03-05 14:00:00    28.19    28.03    28.19    28.02      303,960
2026-03-05 11:30:00    28.10    28.18    28.26    28.06      317,200
2026-03-05 10:30:00    29.05    28.10    29.05    27.99    1,784,600
2026-03-04 15:00:00    29.07    28.92    29.07    28.85      468,700
2026-03-04 14:00:00    28.73    29.07    29.09    28.56    1,142,490
2026-03-04 11:30:00    28.69    28.74    28.78    28.50      412,900
2026-03-04 10:30:00    28.55    28.70    28.90    28.36    1,304,100
2026-03-03 15:00:00    28.57    28.57    28.68    28.47      495,800
2026-03-03 14:00:00    28.86    28.58    28.87    28.58      292,000
2026-03-03 11:30:00    28.54    28.84    28.97    28.52      567,210
2026-03-03 10:30:00    28.46    28.54    29.10    28.19    1,489,530
2026-03-02 15:00:00    28.34    28.33    28.38    28.23      251,213
2026-03-02 14:00:00    28.49    28.36    28.49    28.31      171,200
2026-03-02 11:30:00    28.43    28.50    28.51    28.39      231,300
2026-03-02 10:30:00    28.16    28.42    28.70    27.96    1,517,883
2026-02-27 15:00:00    28.26    28.37    28.38    28.25      531,813
2026-02-27 14:00:00    28.24    28.26    28.30    28.23      176,500
2026-02-27 11:30:00    28.21    28.27    28.31    28.19      360,187
2026-02-27 10:30:00    27.82    28.21    28.37    27.80      794,300
2026-02-26 15:00:00    27.95    27.88    27.95    27.88      279,557
2026-02-26 14:00:00    28.00    27.95    28.02    27.90      217,590
2026-02-26 11:30:00    27.79    28.02    28.06    27.78      360,300
2026-02-26 10:30:00    27.74    27.80    28.10    27.71    1,031,685
2026-02-25 15:00:00    27.76    27.72    27.76    27.66      229,100
2026-02-25 14:00:00    27.89    27.76    27.96    27.76      211,900
2026-02-25 11:30:00    27.90    27.89    27.98    27.88      165,200
2026-02-25 10:30:00    27.58    27.89    28.00    27.57      557,200
2026-02-24 15:00:00    27.59    27.58    27.66    27.51      246,900
2026-02-24 14:00:00    27.60    27.59    27.64    27.53      201,495
2026-02-24 11:30:00    27.56    27.60    27.69    27.55      203,900
2026-02-24 10:30:00    27.50    27.59    27.69    27.37      412,800
2026-02-13 15:00:00    27.67    27.47    27.68    27.41      479,300
2026-02-13 14:00:00    27.75    27.67    27.80    27.65      150,500
2026-02-13 11:30:00    27.77    27.74    27.87    27.72      143,100
2026-02-13 10:30:00    27.85    27.77    27.85    27.69      252,300
2026-02-12 15:00:00    27.71    27.69    27.73    27.67      278,070
2026-02-12 14:00:00    27.74    27.72    27.79    27.70      178,580
2026-02-12 11:30:00    27.71    27.73    27.77    27.65      256,530
2026-02-12 10:30:00    27.98    27.72    27.98    27.59      541,680
2026-02-11 15:00:00    27.98    28.03    28.10    27.95      274,198
2026-02-11 14:00:00    28.09    27.98    28.12    27.94      327,800
2026-02-11 11:30:00    28.07    28.09    28.13    28.06      123,600
2026-02-11 10:30:00    28.23    28.06    28.26    28.03      534,000
2026-02-10 15:00:00    28.42    28.37    28.44    28.35      344,400
2026-02-10 14:00:00    28.19    28.44    28.55    28.19      368,300
2026-02-10 11:30:00    28.21    28.19    28.22    28.08      253,400
2026-02-10 10:30:00    28.50    28.21    28.50    28.15      449,700
2026-02-09 15:00:00    28.36    28.44    28.44    28.35      282,600
2026-02-09 14:00:00    28.41    28.37    28.46    28.32      249,000
2026-02-09 11:30:00    28.57    28.41    28.59    28.40      244,500
2026-02-09 10:30:00    28.47    28.57    28.60    28.40      554,070
2026-02-06 15:00:00    28.57    28.47    28.58    28.42      310,400
2026-02-06 14:00:00    28.56    28.57    28.65    28.50      207,700
2026-02-06 11:30:00    28.55    28.56    28.78    28.51      662,000
2026-02-06 10:30:00    28.05    28.56    28.59    27.91      826,420
2026-02-05 15:00:00    28.25    28.25    28.33    28.20      250,780
2026-02-05 14:00:00    28.26    28.24    28.33    28.12      258,800
2026-02-05 11:30:00    28.45    28.25    28.46    28.20      363,100
2026-02-05 10:30:00    28.36    28.45    28.70    28.15    1,036,760
2026-02-04 15:00:00    28.12    28.28    28.34    28.12      380,900
2026-02-04 14:00:00    28.10    28.13    28.25    28.08      254,000
2026-02-04 11:30:00    28.23    28.09    28.25    28.00      269,500
2026-02-04 10:30:00    28.28    28.23    28.30    27.90      800,240
2026-02-03 15:00:00    28.11    28.09    28.18    27.92      429,503
2026-02-03 14:00:00    27.80    28.11    28.20    27.76      372,520
2026-02-03 11:30:00    27.90    27.79    27.91    27.61      577,600
2026-02-03 10:30:00    28.06    27.93    28.37    27.86      790,100
2026-02-02 15:00:00    28.26    28.16    28.39    28.15      370,700
2026-02-02 14:00:00    28.51    28.25    28.62    28.12      382,440
2026-02-02 11:30:00    28.41    28.53    28.89    28.40      637,200
2026-02-02 10:30:00    28.37    28.35    28.45    27.78    1,923,130
2026-01-30 15:00:00    28.83    28.62    28.84    28.59      433,730
2026-01-30 14:00:00    28.64    28.84    28.95    28.58      408,740
2026-01-30 11:30:00    28.85    28.64    28.96    28.57      670,340
2026-01-30 10:30:00    28.18    28.85    29.13    27.95    3,437,080
2026-01-29 15:00:00    27.69    28.05    28.20    27.69      914,730
2026-01-29 14:00:00    27.75    27.70    27.82    27.66      306,300
2026-01-29 11:30:00    27.70    27.75    27.75    27.63      262,630
2026-01-29 10:30:00    27.45    27.69    27.87    27.32      903,800
2026-01-28 15:00:00    27.51    27.54    27.55    27.46      321,700
2026-01-28 14:00:00    27.21    27.51    27.70    27.18      569,630
2026-01-28 11:30:00    27.28    27.19    27.30    27.17      202,700
2026-01-28 10:30:00    27.44    27.28    27.47    27.02    1,582,832
2026-01-27 15:00:00    27.86    27.75    27.88    27.69      502,600
2026-01-27 14:00:00    27.80    27.87    27.92    27.77      282,500
2026-01-27 11:30:00    27.60    27.80    27.86    27.55      393,800
2026-01-27 10:30:00    28.65    27.61    28.65    27.50    1,974,450
2026-01-26 15:00:00    28.50    28.71    28.74    28.48      777,460
2026-01-26 14:00:00    28.27    28.50    28.56    28.24      597,228
2026-01-26 11:30:00    28.08    28.24    28.35    28.08      392,300
2026-01-26 10:30:00    28.19    28.08    28.30    28.00      854,310
2026-01-23 15:00:00    28.19    28.21    28.26    28.10      396,000
2026-01-23 14:00:00    28.17    28.19    28.20    28.13      171,960
2026-01-23 11:30:00    28.16    28.17    28.22    28.07      245,500
2026-01-23 10:30:00    28.03    28.16    28.26    28.02      537,460
2026-01-22 15:00:00    28.16    28.10    28.18    28.05      679,150
2026-01-22 14:00:00    28.13    28.17    28.19    28.08      341,200
2026-01-22 11:30:00    28.24    28.13    28.36    28.11      352,140
2026-01-22 10:30:00    28.40    28.26    28.55    28.18      793,170
2026-01-21 15:00:00    28.35    28.40    28.42    28.28      533,200
2026-01-21 14:00:00    28.32    28.35    28.39    28.26      559,360
2026-01-21 11:30:00    28.46    28.32    28.51    28.32      299,810
2026-01-21 10:30:00    28.60    28.46    28.60    28.28      624,390
2026-01-20 15:00:00    28.54    28.71    28.71    28.50      226,500
2026-01-20 14:00:00    28.56    28.54    28.69    28.52      311,102
2026-01-20 11:30:00    28.78    28.56    28.79    28.56      296,590
2026-01-20 10:30:00    28.85    28.79    28.98    28.59      797,663
2026-01-19 15:00:00    28.68    28.84    28.87    28.66      316,100
2026-01-19 14:00:00    28.76    28.68    28.87    28.65      309,550
2026-01-19 11:30:00    28.90    28.75    29.04    28.73      782,800
2026-01-19 10:30:00    28.27    28.90    28.98    28.23    1,095,670
2026-01-16 15:00:00    28.28    28.27    28.34    28.20      369,100
2026-01-16 14:00:00    28.13    28.28    28.50    28.09      368,700
2026-01-16 11:30:00    28.29    28.12    28.33    28.10      487,140
2026-01-16 10:30:00    28.61    28.29    28.61    28.28      722,130
2026-01-15 15:00:00    28.70    28.58    28.74    28.50      273,500
2026-01-15 14:00:00    28.64    28.71    28.79    28.62      201,580
2026-01-15 11:30:00    28.54    28.67    28.70    28.48      373,740
2026-01-15 10:30:00    28.56    28.53    28.85    28.51      775,560
2026-01-14 15:00:00    28.35    28.60    28.64    28.26      524,300
2026-01-14 14:00:00    28.90    28.35    28.90    28.30      768,900
2026-01-14 11:30:00    28.90    28.89    28.95    28.85      258,450
2026-01-14 10:30:00    28.65    28.93    28.95    28.63      631,760
2026-01-13 15:00:00    28.80    28.65    28.80    28.62      562,100
2026-01-13 14:00:00    28.88    28.80    28.89    28.72      360,500
2026-01-13 11:30:00    29.07    28.89    29.07    28.83      386,200
2026-01-13 10:30:00    29.13    29.07    29.13    28.86      975,200
2026-01-12 15:00:00    29.03    29.04    29.05    28.95      532,100
2026-01-12 14:00:00    29.03    29.03    29.10    28.90      356,730
2026-01-12 11:30:00    28.80    29.04    29.05    28.79      427,670
2026-01-12 10:30:00    28.90    28.80    28.91    28.63      731,162
2026-01-09 15:00:00    28.85    28.89    28.91    28.82      328,530
2026-01-09 14:00:00    28.76    28.85    28.87    28.70      199,200
2026-01-09 11:30:00    28.80    28.75    28.95    28.75      391,640
2026-01-09 10:30:00    28.86    28.79    29.04    28.70      814,512
2026-01-08 15:00:00    28.95    28.87    28.95    28.81      302,591
2026-01-08 14:00:00    28.92    28.94    28.98    28.84      239,800
2026-01-08 11:30:00    28.96    28.94    28.99    28.91      151,100
2026-01-08 10:30:00    28.81    28.95    29.16    28.73      657,610
2026-01-07 15:00:00    28.89    28.79    28.91    28.75      536,830
2026-01-07 14:00:00    29.01    28.88    29.02    28.84      253,890
2026-01-07 11:30:00    28.88    28.99    29.10    28.85      301,890
2026-01-07 10:30:00    29.33    28.88    29.52    28.80    1,074,900
2026-01-06 15:00:00    29.27    29.27    29.32    29.21      548,800
2026-01-06 14:00:00    29.35    29.27    29.48    29.21      325,200
2026-01-06 11:30:00    29.12    29.35    29.56    29.07      730,750
2026-01-06 10:30:00    29.06    29.12    29.21    28.93      800,200
2026-01-05 15:00:00    29.12    29.15    29.19    29.08      365,800
2026-01-05 14:00:00    29.10    29.13    29.15    29.05      323,200
2026-01-05 11:30:00    29.06    29.09    29.14    29.03      307,300
2026-01-05 10:30:00    29.48    29.06    29.50    29.02      866,890
2025-12-31 15:00:00    29.26    29.32    29.55    29.24      536,520
2025-12-31 14:00:00    28.90    29.30    29.39    28.86      550,700
2025-12-31 11:30:00    29.03    28.90    29.06    28.88      386,100
2025-12-31 10:30:00    29.40    29.03    29.68    29.01    1,390,800
2025-12-30 15:00:00    29.46    29.45    29.67    29.43      658,500
2025-12-30 14:00:00    29.87    29.45    29.89    29.37      754,000
2025-12-30 11:30:00    29.60    29.86    30.00    29.45    1,138,590
2025-12-30 10:30:00    28.85    29.60    29.82    28.75    3,182,352
2025-12-29 15:00:00    28.85    28.85    28.86    28.75      650,434
2025-12-29 14:00:00    28.35    28.85    29.26    28.31    1,760,700
2025-12-29 11:30:00    28.50    28.35    28.56    28.33      303,400
2025-12-29 10:30:00    28.15    28.50    28.76    28.08    1,720,610
2025-12-26 15:00:00    28.13    28.15    28.15    28.04      521,660
2025-12-26 14:00:00    27.69    28.14    28.14    27.68      575,730
2025-12-26 11:30:00    27.80    27.69    27.83    27.64      391,854
2025-12-26 10:30:00    27.79    27.82    27.87    27.75      276,810
2025-12-25 15:00:00    27.85    27.79    27.87    27.74      338,690
2025-12-25 14:00:00    27.78    27.85    27.90    27.78      193,510
2025-12-25 11:30:00    27.70    27.79    27.81    27.70      175,500
2025-12-25 10:30:00    27.68    27.70    27.81    27.67      219,430
2025-12-24 15:00:00    27.73    27.77    27.79    27.70      281,979
2025-12-24 14:00:00    27.72    27.73    27.77    27.63      312,600
2025-12-24 11:30:00    27.61    27.69    27.72    27.60      213,700
2025-12-24 10:30:00    27.91    27.62    27.99    27.53      737,160
2025-12-23 15:00:00    28.10    27.90    28.11    27.84      665,900
2025-12-23 14:00:00    28.16    28.10    28.18    28.06      191,900
2025-12-23 11:30:00    28.13    28.17    28.25    28.12      137,500
2025-12-23 10:30:00    28.35    28.14    28.39    28.10      454,700
2025-12-22 15:00:00    28.18    28.33    28.41    28.18      309,190
2025-12-22 14:00:00    28.24    28.19    28.28    28.17      304,500
2025-12-22 11:30:00    28.35    28.24    28.36    28.22      305,260
2025-12-22 10:30:00    28.30    28.35    28.42    28.12      875,800
2025-12-19 15:00:00    28.41    28.42    28.46    28.38      486,000
2025-12-19 14:00:00    28.43    28.42    28.49    28.38      301,600
2025-12-19 11:30:00    28.40    28.44    28.48    28.36      277,460
2025-12-19 10:30:00    28.16    28.40    28.53    28.06      606,630
2025-12-18 15:00:00    28.21    28.16    28.22    28.12      327,900
2025-12-18 14:00:00    28.28    28.21    28.35    28.19      198,900
2025-12-18 11:30:00    28.30    28.28    28.44    28.22      281,000
2025-12-18 10:30:00    28.15    28.30    28.35    28.03      561,436
2025-12-17 15:00:00    28.34    28.35    28.47    28.31      583,440
2025-12-17 14:00:00    28.28    28.34    28.35    28.24      260,482
2025-12-17 11:30:00    28.32    28.28    28.37    28.26      177,800
2025-12-17 10:30:00    28.53    28.32    28.83    28.13    1,683,300
2025-12-16 15:00:00    27.88    27.92    27.93    27.83      276,300
2025-12-16 14:00:00    27.99    27.88    28.02    27.78      345,246
2025-12-16 11:30:00    28.02    27.99    28.10    27.96      175,400
2025-12-16 10:30:00    28.21    28.03    28.37    27.93      612,100
2025-12-15 15:00:00    28.22    28.22    28.35    28.14      496,640
2025-12-15 14:00:00    28.06    28.22    28.30    28.05      336,600
2025-12-15 11:30:00    28.14    28.06    28.15    28.05      183,600
2025-12-15 10:30:00    27.68    28.15    28.42    27.60    1,293,300
2025-12-12 15:00:00    27.69    27.70    27.73    27.65      334,010
2025-12-12 14:00:00    27.56    27.68    27.73    27.54      265,430
2025-12-12 11:30:00    27.51    27.56    27.60    27.50      232,800
2025-12-12 10:30:00    27.68    27.51    27.68    27.37      538,925
2025-12-11 15:00:00    27.66    27.61    27.68    27.60      410,177
2025-12-11 14:00:00    27.83    27.66    27.88    27.60      530,200
2025-12-11 11:30:00    27.72    27.73    27.84    27.69      397,700
2025-12-11 10:30:00    28.06    27.71    28.11    27.70      650,490
2025-12-10 15:00:00    28.10    28.17    28.18    28.10      317,100
2025-12-10 14:00:00    28.07    28.10    28.20    28.01      194,100
2025-12-10 11:30:00    28.01    28.06    28.09    27.92      175,000
2025-12-10 10:30:00    27.77    28.01    28.28    27.69      775,706
2025-12-09 15:00:00    27.92    27.89    27.92    27.86      237,735
2025-12-09 14:00:00    28.07    27.91    28.07    27.91      131,212
2025-12-09 11:30:00    28.02    28.07    28.18    27.94      225,200
2025-12-09 10:30:00    28.07    28.00    28.48    27.89      779,100
2025-12-08 15:00:00    27.88    28.03    28.08    27.81      595,550
2025-12-08 14:00:00    27.63    27.87    27.94    27.60      283,400
2025-12-08 11:30:00    27.60    27.62    27.67    27.59      192,600
2025-12-08 10:30:00    27.85    27.60    27.85    27.58      600,600
2025-12-05 15:00:00    27.77    27.80    27.84    27.75      234,600
2025-12-05 14:00:00    27.64    27.77    27.77    27.60      194,370
2025-12-05 11:30:00    27.60    27.63    27.65    27.58      237,510
2025-12-05 10:30:00    27.88    27.59    27.95    27.57      400,400
2025-12-04 15:00:00    27.78    27.84    27.84    27.75      223,540
2025-12-04 14:00:00    27.79    27.78    27.82    27.75       67,000
2025-12-04 11:30:00    27.84    27.79    27.89    27.74      127,300
2025-12-04 10:30:00    27.70    27.82    27.94    27.53      504,130
2025-12-03 15:00:00    27.81    27.75    27.83    27.67      266,807
2025-12-03 14:00:00    27.89    27.81    27.95    27.80      128,800
2025-12-03 11:30:00    27.83    27.87    27.96    27.82      137,700
2025-12-03 10:30:00    28.00    27.83    28.06    27.77      239,460
2025-12-02 15:00:00    27.93    27.92    27.97    27.86      336,400
2025-12-02 14:00:00    27.98    27.93    28.01    27.89      253,000
2025-12-02 11:30:00    28.04    27.98    28.09    27.96      258,700
2025-12-02 10:30:00    28.18    28.07    28.18    27.98      312,200
2025-12-01 15:00:00    28.19    28.19    28.24    28.13      396,470
2025-12-01 14:00:00    28.22    28.20    28.24    28.13      229,500
2025-12-01 11:30:00    28.21    28.23    28.25    28.19      152,400
2025-12-01 10:30:00    28.42    28.20    28.50    28.18      451,600
2025-11-28 15:00:00    28.21    28.33    28.34    28.21      269,900
2025-11-28 14:00:00    28.21    28.24    28.25    28.17      141,750
2025-11-28 11:30:00    28.15    28.21    28.24    28.13      154,000
2025-11-28 10:30:00    28.20    28.15    28.28    27.94      412,070
2025-11-27 15:00:00    28.15    28.10    28.25    28.05      484,307
2025-11-27 14:00:00    28.16    28.15    28.20    28.11      274,600
2025-11-27 11:30:00    28.21    28.16    28.24    28.16       64,600
2025-11-27 10:30:00    28.05    28.20    28.32    27.99      386,800
2025-11-26 15:00:00    28.24    28.19    28.31    28.16      364,815
2025-11-26 14:00:00    28.27    28.24    28.31    28.19      207,800
2025-11-26 11:30:00    28.33    28.27    28.35    28.18      282,346
2025-11-26 10:30:00    28.26    28.35    28.46    28.22      529,700
2025-11-25 15:00:00    28.39    28.26    28.39    28.22      591,700
2025-11-25 14:00:00    28.42    28.39    28.44    28.30      275,750
2025-11-25 11:30:00    28.47    28.42    28.49    28.37      236,689
2025-11-25 10:30:00    28.48    28.48    28.58    28.28      605,600
2025-11-24 15:00:00    28.58    28.50    28.70    28.47      459,400
2025-11-24 14:00:00    28.51    28.57    28.75    28.46      257,397
2025-11-24 11:30:00    28.64    28.51    28.70    28.50      373,643
2025-11-24 10:30:00    27.91    28.62    28.99    27.86    2,414,960
2025-11-21 15:00:00    27.81    27.66    27.87    27.62      325,610
2025-11-21 14:00:00    27.81    27.81    27.93    27.75      208,700
2025-11-21 11:30:00    27.92    27.80    27.93    27.60      606,000
2025-11-21 10:30:00    28.00    27.92    28.34    27.89      844,600
2025-11-20 15:00:00    28.09    28.00    28.16    27.97      577,850
2025-11-20 14:00:00    28.05    28.08    28.21    28.00      369,500
2025-11-20 11:30:00    28.20    28.05    28.32    28.00      638,230
2025-11-20 10:30:00    28.56    28.20    28.68    28.18      456,000
2025-11-19 15:00:00    28.61    28.55    28.66    28.51      267,030
2025-11-19 14:00:00    28.27    28.60    28.65    28.26      344,400
2025-11-19 11:30:00    28.38    28.28    28.47    28.28      325,600
2025-11-19 10:30:00    28.84    28.39    28.89    28.38      949,000
2025-11-18 15:00:00    28.88    28.74    28.90    28.60      988,900
2025-11-18 14:00:00    28.86    28.88    28.92    28.80      263,000
2025-11-18 11:30:00    28.89    28.86    28.96    28.80      347,200
2025-11-18 10:30:00    29.18    28.89    29.20    28.86    1,118,246
2025-11-17 15:00:00    29.17    29.20    29.26    29.12      706,050
2025-11-17 14:00:00    29.51    29.18    29.53    29.11    1,212,000
2025-11-17 11:30:00    29.45    29.51    29.60    29.32      292,400
2025-11-17 10:30:00    30.00    29.44    30.00    29.28    1,869,412
2025-11-14 15:00:00    30.29    30.09    30.32    30.02      689,100
2025-11-14 14:00:00    30.32    30.29    30.35    30.26      276,500
2025-11-14 11:30:00    30.35    30.32    30.46    30.31      241,440
2025-11-14 10:30:00    30.45    30.35    30.64    30.30      935,590
2025-11-13 15:00:00    30.33    30.47    30.50    30.33      377,870
2025-11-13 14:00:00    30.30    30.33    30.50    30.28      453,554
2025-11-13 11:30:00    30.17    30.30    30.32    30.17      263,400
2025-11-13 10:30:00    30.41    30.16    30.52    30.16      791,200
2025-11-12 15:00:00    30.51    30.52    30.56    30.47      336,600
2025-11-12 14:00:00    30.46    30.49    30.59    30.40      317,700
2025-11-12 11:30:00    30.39    30.47    30.67    30.37      453,724
2025-11-12 10:30:00    30.45    30.38    30.59    30.30      633,700
2025-11-11 15:00:00    30.48    30.42    30.59    30.38      802,170
2025-11-11 14:00:00    30.50    30.48    30.62    30.38      262,600
2025-11-11 11:30:00    30.43    30.50    30.53    30.35      283,484
2025-11-11 10:30:00    30.76    30.43    30.78    30.29      676,150
2025-11-10 15:00:00    30.58    30.66    30.73    30.57      726,500
2025-11-10 14:00:00    30.45    30.58    30.65    30.41      662,100
2025-11-10 11:30:00    30.15    30.43    30.55    30.14      700,150
2025-11-10 10:30:00    30.15    30.16    30.25    29.88      480,500
2025-11-07 15:00:00    30.04    30.00    30.09    30.00      392,600
2025-11-07 14:00:00    30.10    30.04    30.14    30.00      269,000
2025-11-07 11:30:00    30.33    30.10    30.42    30.08      289,530
2025-11-07 10:30:00    30.02    30.31    30.46    29.94      792,900
2025-11-06 15:00:00    29.97    30.03    30.03    29.92      294,600
2025-11-06 14:00:00    30.05    29.96    30.06    29.89      375,200
2025-11-06 11:30:00    30.07    30.04    30.10    30.04      162,830
2025-11-06 10:30:00    30.16    30.07    30.24    29.78      793,000
2025-11-05 15:00:00    30.49    30.50    30.55    30.46      453,000
2025-11-05 14:00:00    30.45    30.49    30.56    30.40      388,000
2025-11-05 11:30:00    30.32    30.45    30.53    30.31      326,530
2025-11-05 10:30:00    30.45    30.32    30.71    30.22      882,126
2025-11-04 15:00:00    30.46    30.46    30.56    30.30      582,805
2025-11-04 14:00:00    30.81    30.46    30.86    30.40      479,700
2025-11-04 11:30:00    30.83    30.85    30.92    30.77      199,600
2025-11-04 10:30:00    31.05    30.84    31.05    30.71      675,300
2025-11-03 15:00:00    30.89    30.98    31.10    30.89      355,800
2025-11-03 14:00:00    30.97    30.90    30.97    30.80      261,300
2025-11-03 11:30:00    31.05    30.90    31.25    30.84      454,000
2025-11-03 10:30:00    30.63    31.05    31.26    30.58    1,344,292
2025-10-31 15:00:00    30.58    30.63    30.69    30.58      492,515
2025-10-31 14:00:00    30.65    30.59    30.67    30.54      321,100
2025-10-31 11:30:00    30.49    30.66    30.70    30.42      669,520
2025-10-31 10:30:00    30.26    30.49    30.55    30.25      601,000
2025-10-30 15:00:00    30.28    30.27    30.34    30.23      347,000
2025-10-30 14:00:00    30.41    30.28    30.42    30.13      340,100
2025-10-30 11:30:00    30.50    30.38    30.51    30.34      283,400
2025-10-30 10:30:00    30.70    30.49    30.70    30.35      504,600
2025-10-29 15:00:00    30.53    30.73    30.74    30.51      373,080
2025-10-29 14:00:00    30.55    30.53    30.60    30.40      333,941
2025-10-29 11:30:00    30.76    30.52    30.76    30.40      339,200
2025-10-29 10:30:00    30.75    30.76    30.85    30.24    1,148,200
2025-10-28 15:00:00    30.80    30.76    30.86    30.69      390,400
2025-10-28 14:00:00    31.02    30.80    31.12    30.73      447,480
2025-10-28 11:30:00    31.00    31.02    31.02    30.91      185,800
2025-10-28 10:30:00    31.06    30.99    31.16    30.80      997,560
2025-10-27 15:00:00    31.10    31.22    31.27    31.10      571,750
2025-10-27 14:00:00    31.46    31.17    31.56    31.01      769,100
2025-10-27 11:30:00    30.57    31.46    31.52    30.55    2,134,715
2025-10-27 10:30:00    30.28    30.56    30.59    30.03      944,910
2025-10-24 15:00:00    30.47    30.38    30.47    30.30      290,600
2025-10-24 14:00:00    30.46    30.47    30.51    30.30      243,980
2025-10-24 11:30:00    30.30    30.46    30.59    30.26      259,480
2025-10-24 10:30:00    30.60    30.30    30.68    30.22      962,830
2025-10-23 15:00:00    30.23    30.53    30.53    30.23      372,530
2025-10-23 14:00:00    30.25    30.23    30.30    30.17      123,780
2025-10-23 11:30:00    30.16    30.25    30.32    30.11      173,700
2025-10-23 10:30:00    30.31    30.13    30.50    29.81    1,015,465
2025-10-22 15:00:00    30.40    30.30    30.46    30.21      423,085
2025-10-22 14:00:00    30.62    30.41    30.62    30.37      242,700
2025-10-22 11:30:00    30.63    30.62    30.77    30.50      600,700
2025-10-22 10:30:00    30.15    30.64    30.64    30.12      813,800
2025-10-21 15:00:00    30.18    30.26    30.30    30.18      449,930
2025-10-21 14:00:00    30.22    30.20    30.42    30.09      450,600
2025-10-21 11:30:00    30.23    30.22    30.24    30.06      306,100
2025-10-21 10:30:00    29.98    30.23    30.26    29.92      522,422
2025-10-20 15:00:00    30.03    30.06    30.10    29.91      383,830
2025-10-20 14:00:00    30.02    30.04    30.17    29.96      161,200
2025-10-20 11:30:00    29.95    30.03    30.06    29.92      196,400
2025-10-20 10:30:00    30.23    29.95    30.41    29.86    1,215,100
2025-10-17 15:00:00    30.22    30.23    30.32    30.11      572,100
2025-10-17 14:00:00    30.32    30.24    30.40    30.19      403,800
2025-10-17 11:30:00    30.33    30.32    30.49    30.30      329,250
2025-10-17 10:30:00    30.68    30.35    30.98    30.26      859,840
2025-10-16 15:00:00    30.68    30.68    30.75    30.67      473,900
2025-10-16 14:00:00    30.83    30.68    30.83    30.66      440,800
2025-10-16 11:30:00    30.85    30.83    30.96    30.83      414,000
2025-10-16 10:30:00    31.30    30.85    31.52    30.85    1,015,930
2025-10-15 15:00:00    31.18    31.25    31.27    31.04      867,632
2025-10-15 14:00:00    31.26    31.18    31.30    31.13      350,610
2025-10-15 11:30:00    31.16    31.25    31.45    31.14      433,900
2025-10-15 10:30:00    31.17    31.15    31.37    30.90    1,167,510
2025-10-14 15:00:00    31.33    31.39    31.40    31.17      920,600
2025-10-14 14:00:00    31.33    31.33    31.73    31.27      749,430
2025-10-14 11:30:00    31.65    31.33    31.70    31.24      604,920
2025-10-14 10:30:00    30.55    31.69    31.88    30.55    3,546,940
2025-10-13 15:00:00    30.52    30.62    30.67    30.52      428,470
2025-10-13 14:00:00    30.53    30.52    30.55    30.45      338,200
2025-10-13 11:30:00    30.52    30.54    30.75    30.46      311,800
2025-10-13 10:30:00    30.73    30.53    30.99    30.42    1,461,437
2025-10-10 15:00:00    30.92    30.89    30.93    30.77      599,245
2025-10-10 14:00:00    30.75    30.92    30.93    30.71      545,215
2025-10-10 11:30:00    30.76    30.74    31.04    30.71      627,900
2025-10-10 10:30:00    30.41    30.77    31.20    30.11    1,837,307
2025-10-09 15:00:00    30.19    30.41    30.48    30.15      660,730
2025-10-09 14:00:00    29.95    30.20    30.24    29.86      552,500
2025-10-09 11:30:00    29.75    29.95    30.00    29.67      521,000
2025-10-09 10:30:00    29.91    29.75    29.92    29.50    1,773,200
2025-09-30 15:00:00    30.27    30.25    30.31    30.21      457,600
2025-09-30 14:00:00    30.30    30.28    30.40    30.17      336,200
2025-09-30 11:30:00    30.28    30.30    30.44    30.23      321,480
2025-09-30 10:30:00    30.30    30.29    30.40    29.96    1,064,100
2025-09-29 15:00:00    30.19    30.23    30.26    30.01      694,950
2025-09-29 14:00:00    29.93    30.19    30.23    29.90      491,170
2025-09-29 11:30:00    29.82    29.93    29.93    29.74      556,171
2025-09-29 10:30:00    30.63    29.82    30.63    29.62    2,757,582
2025-09-26 15:00:00    30.83    30.73    30.93    30.72      804,500
2025-09-26 14:00:00    31.07    30.83    31.10    30.82      402,200
2025-09-26 11:30:00    31.08    31.06    31.14    31.02      331,600
2025-09-26 10:30:00    30.90    31.06    31.14    30.71    1,011,350
2025-09-25 15:00:00    31.00    30.96    31.02    30.90      500,007
2025-09-25 14:00:00    30.99    31.01    31.03    30.87      399,980
2025-09-25 11:30:00    30.94    30.98    31.17    30.87      665,730
2025-09-25 10:30:00    31.42    30.93    31.49    30.80    1,759,700
2025-09-24 15:00:00    31.30    31.40    31.41    31.22      852,332
2025-09-24 14:00:00    31.14    31.29    31.39    31.11      613,800
2025-09-24 11:30:00    31.13    31.10    31.19    31.01      368,100
2025-09-24 10:30:00    31.26    31.13    31.47    30.96    1,010,060
2025-09-23 15:00:00    31.06    31.23    31.28    30.92      551,930
2025-09-23 14:00:00    30.97    31.11    31.11    30.88      349,400
2025-09-23 11:30:00    31.07    30.97    31.17    30.88      573,760
2025-09-23 10:30:00    31.50    31.04    31.66    31.03    1,507,410
2025-09-22 15:00:00    31.41    31.53    31.53    31.35      487,800
2025-09-22 14:00:00    31.48    31.41    31.56    31.33      308,800
2025-09-22 11:30:00    31.46    31.47    31.53    31.33      292,700
2025-09-22 10:30:00    31.80    31.42    31.84    31.22    1,696,550
2025-09-19 15:00:00    31.78    31.95    31.97    31.76      879,030
2025-09-19 14:00:00    31.68    31.78    31.83    31.55    1,024,960
2025-09-19 11:30:00    31.58    31.68    31.73    31.50      639,400
2025-09-19 10:30:00    31.55    31.58    31.87    31.50    1,339,200
2025-09-18 15:00:00    31.99    31.70    32.02    31.44    2,273,225
2025-09-18 14:00:00    32.34    31.99    32.48    31.93    1,066,000
2025-09-18 11:30:00    32.28    32.34    32.39    32.15      694,400
2025-09-18 10:30:00    32.70    32.28    32.91    32.16    2,052,850
2025-09-17 15:00:00    33.20    32.96    33.23    32.90      710,900
2025-09-17 14:00:00    32.92    33.20    33.25    32.79      769,300
2025-09-17 11:30:00    33.03    32.90    33.04    32.72      639,490
2025-09-17 10:30:00    33.31    33.06    33.55    32.47    3,016,825
2025-09-16 15:00:00    33.19    33.39    33.45    33.16    1,102,440
2025-09-16 14:00:00    33.02    33.19    33.32    33.01      912,800
2025-09-16 11:30:00    33.15    33.02    33.26    32.98    1,205,500
2025-09-16 10:30:00    34.39    33.15    34.50    32.99    2,787,600
2025-09-15 15:00:00    34.68    34.50    34.80    34.48    1,255,010
2025-09-15 14:00:00    34.45    34.69    34.90    34.27    1,052,870
2025-09-15 11:30:00    34.69    34.43    34.82    34.30      583,700
2025-09-15 10:30:00    33.75    34.70    35.00    33.41    3,710,630
2025-09-12 15:00:00    33.75    33.75    33.98    33.72    1,297,070
2025-09-12 14:00:00    33.83    33.75    33.86    33.60      836,200
2025-09-12 11:30:00    33.90    33.83    33.93    33.73      973,200
2025-09-12 10:30:00    33.24    33.90    34.21    33.24    3,169,945
2025-09-11 15:00:00    33.54    33.51    33.55    33.42    1,141,900
2025-09-11 14:00:00    33.86    33.54    34.44    33.46    1,137,411
2025-09-11 11:30:00    33.80    33.85    33.86    33.54    1,082,640
2025-09-11 10:30:00    32.41    33.80    34.66    32.33    9,336,910
2025-09-10 15:00:00    32.42    32.54    32.65    32.35    1,015,372
2025-09-10 14:00:00    32.09    32.43    32.95    32.05    1,086,965
2025-09-10 11:30:00    31.77    32.09    32.10    31.70      585,600
2025-09-10 10:30:00    32.44    31.76    32.44    31.76    1,629,800
2025-09-09 15:00:00    32.35    32.40    32.45    32.30      629,500
2025-09-09 14:00:00    32.58    32.35    32.66    32.29      750,100
2025-09-09 11:30:00    32.69    32.59    32.75    32.48      532,100
2025-09-09 10:30:00    32.68    32.70    32.98    32.39    1,957,900
2025-09-08 15:00:00    32.73    32.80    32.85    32.62    1,054,650
2025-09-08 14:00:00    32.85    32.73    32.89    32.55      459,290
2025-09-08 11:30:00    32.83    32.85    33.00    32.47      943,370
2025-09-08 10:30:00    32.00    32.84    33.54    31.70    6,299,006
2025-09-05 15:00:00    30.85    31.38    31.44    30.83    1,389,343
2025-09-05 14:00:00    30.65    30.85    30.85    30.65      519,700
2025-09-05 11:30:00    30.66    30.65    30.73    30.54      627,700
2025-09-05 10:30:00    31.02    30.66    31.03    30.38    1,582,790
2025-09-04 15:00:00    31.01    31.07    31.07    30.63      837,160
2025-09-04 14:00:00    30.80    31.00    31.19    30.79      619,200
2025-09-04 11:30:00    31.01    30.80    31.10    30.74      625,830
2025-09-04 10:30:00    30.78    31.02    31.13    30.62    1,401,500
2025-09-03 15:00:00    30.95    30.83    30.98    30.61      960,100
2025-09-03 14:00:00    31.02    30.95    31.13    30.86      591,700
2025-09-03 11:30:00    31.29    31.02    31.30    30.88    1,760,500
2025-09-03 10:30:00    31.70    31.30    31.99    31.23    1,520,465
2025-09-02 15:00:00    31.88    31.82    32.01    31.75      647,859
2025-09-02 14:00:00    32.02    31.88    32.06    31.77      485,149
2025-09-02 11:30:00    32.30    32.02    32.30    31.76    1,023,960
2025-09-02 10:30:00    32.48    32.30    32.68    32.12    1,669,450
2025-09-01 15:00:00    32.27    32.48    32.49    32.27      643,780
2025-09-01 14:00:00    32.20    32.25    32.34    32.15      423,100
2025-09-01 11:30:00    32.50    32.20    32.59    32.19      660,630
2025-09-01 10:30:00    32.21    32.53    32.83    31.80    2,045,820
2025-08-29 15:00:00    32.21    32.10    32.26    32.06      949,650
2025-08-29 14:00:00    32.20    32.20    32.31    32.03      851,000
2025-08-29 11:30:00    32.45    32.20    32.48    32.10    1,048,090
2025-08-29 10:30:00    32.30    32.45    32.70    32.12    1,974,950
2025-08-28 15:00:00    32.04    32.31    32.39    32.03      792,842
2025-08-28 14:00:00    32.24    32.03    32.30    31.75    1,395,882
2025-08-28 11:30:00    32.35    32.24    32.50    32.21      998,527
2025-08-28 10:30:00    32.98    32.35    33.02    32.17    2,737,767
2025-08-27 15:00:00    33.30    32.90    33.46    32.82    1,809,927
2025-08-27 14:00:00    33.63    33.27    33.70    33.13    1,297,000
2025-08-27 11:30:00    33.61    33.62    33.75    33.50    1,134,363
2025-08-27 10:30:00    33.97    33.61    34.15    33.50    3,391,604
2025-08-26 15:00:00    34.00    34.38    34.40    33.84    1,919,733
2025-08-26 14:00:00    34.18    34.00    34.40    33.87    1,193,158
2025-08-26 11:30:00    33.76    34.18    34.55    33.62    2,698,733
2025-08-26 10:30:00    33.12    33.76    33.85    32.93    2,814,564
2025-08-25 15:00:00    33.01    33.27    33.27    32.99    1,059,830
2025-08-25 14:00:00    32.99    33.01    33.12    32.90      736,310
2025-08-25 11:30:00    33.16    32.97    33.24    32.76    1,133,900
2025-08-25 10:30:00    32.97    33.14    33.17    32.63    2,213,721
